237,538
466,554
463,569
467,570
469,593
470,593
472,594
471,597
473,597
480,613
479,622
478,625
477,628
476,632
475,636
261,1068
262,1068
263,1068
264,1068
265,1068
266,1068
267,1068
268,1068
269,1068
270,1068
271,1068
272,1068
307,605
308,605
309,605
310,605
311,605
312,605
313,605
314,605
315,605
316,605
317,605
318,605
319,605
320,605
321,605
322,605
323,605
324,605
325,605
326,605
327,605
328,605
329,605
330,605
331,605
332,605
333,605
274,1069
275,1069
276,1069
277,1069
278,1069
279,1069
280,1069
281,1069
282,1069
283,1069
284,1069
285,1069
286,1069
287,1069
288,1069
289,1069
290,1069
291,1069
292,1069
293,1069
294,1069
295,1069
297,1070
298,1070
299,1070
300,1070
301,1070
302,1070
303,1070
304,1070
305,1070
237,1074
460,1146
284,1219